DeadWood player location coordinate

Trailer
	1001,253
	1001, 303
	1001, 353
	1001, 403
	1071, 253
	1071, 303
	1071, 353
	1071, 403

Main Street
	770, 70
	820, 70
	870, 70
	920, 70
	770, 120
	820, 120
	870, 120
	920, 120

Saloon
	735, 230
	785, 230
	835, 230
	885, 230
	935, 230
	935, 280
	935, 330
	935, 380

Hotel
	1000, 460
	1050, 460
	1000, 510
	1000, 560
	1000, 610
	1100, 630
	1150, 630
	950, 695

Bank
	840, 460
	840, 510
	610, 600
	660, 600
	710, 600
	760, 600
	810, 600
	860, 600

Church
	730, 645
	780, 645
	730, 690
	780, 690
	830, 690
	880, 690
	610, 855
	800, 855

Secret Hideout
	240, 815
	290, 815
	340, 815
	390, 815
	240, 860
	290, 860
	340, 860
	390, 860

Ranch
	265, 605
	315, 605
	365, 605
	265, 655
	315, 655
	365, 655
	540, 525
	540, 575

General Store
	280, 375
	325, 375
	280, 417
	330, 417
	380, 405
	430, 405
	480, 405
	530, 405

Jail
	290, 160
	340, 160
	390, 160
	390, 205
	440, 205
	490, 205
	490, 160
	540, 160

Train Station
	200, 20
	10, 190
	60, 220
	10, 240
	10, 290
	10, 340
	10, 390
	120, 390

Casting Office
	10, 470
	10, 520
	10, 570
	10, 620
	175, 470
	175, 520
	175, 570
	175, 620
